HEADER
image_0288.png
134
57
483
522
image_0142.png
404
50
739
539
image_0421.png
289
68
635
500
image_0405.png
360
49
712
530
image_0359.png
172
81
555
579
image_0426.png
276
61
632
520
image_0225.png
255
31
642
539
image_0058.png
286
50
623
484
image_0128.png
237
41
652
535
image_0160.png
352
145
551
453
image_0392.png
331
83
694
542
image_0297.png
395
24
761
539
image_0358.png
101
38
494
543
image_0411.png
256
70
603
518
image_0239.png
238
35
661
575
image_0322.png
365
25
740
530
image_0285.png
178
34
567
523
image_0112.png
309
83
605
525
image_0075.png
235
48
636
531
image_0182.png
249
14
629
517
image_0133.png
100
35
452
548
image_0253.png
191
49
508
518
image_0155.png
261
41
611
508
image_0306.png
340
47
694
526
image_0105.png
373
120
660
539
image_0365.png
267
39
647
493
image_0350.png
280
57
629
506
image_0353.png
199
112
569
579
image_0084.png
88
50
481
543
image_0236.png
251
40
621
515
image_0012.png
414
41
772
521
image_0067.png
270
43
607
500
image_0241.png
162
36
535
543
image_0383.png
170
83
548
560
image_0250.png
267
199
561
592
image_0203.png
309
56
621
494
image_0445.png
278
29
651
515
image_0314.png
251
46
631
538
image_0340.png
241
41
621
526
image_0259.png
157
71
474
518
image_0443.png
252
35
641
511
image_0040.png
135
81
495
535
image_0213.png
153
71
465
483
image_0014.png
131
76
456
512
image_0361.png
261
84
659
578
image_0347.png
262
45
619
522
image_0221.png
334
49
701
518
image_0339.png
293
52
627
521
image_0061.png
379
41
741
498
image_0143.png
425
39
797
496
image_0174.png
357
1
699
516
image_0308.png
377
34
778
565
image_0382.png
233
28
651
543
image_0375.png
251
36
653
516
image_0132.png
381
45
720
510
image_0333.png
383
167
535
356
image_0345.png
294
66
637
525
image_0022.png
127
33
493
517
image_0082.png
352
50
759
541
image_0156.png
433
41
799
521
image_0087.png
241
27
613
521
image_0433.png
256
26
621
511
image_0243.png
284
45
629
527
image_0398.png
371
57
725
537
image_0070.png
235
31
627
539
image_0106.png
421
105
714
566
image_0029.png
266
41
625
517
image_0332.png
342
161
484
358
image_0391.png
379
36
757
526
image_0150.png
140
21
489
502
image_0293.png
377
44
751
542
image_0380.png
271
70
627
531
image_0246.png
345
78
661
547
image_0258.png
292
38
626
541
image_0001.png
433
37
784
533
image_0276.png
265
98
648
560
image_0151.png
390
41
739
490
image_0337.png
266
66
625
544
image_0039.png
344
29
726
535
image_0218.png
259
45
617
549
image_0372.png
330
39
711
535
image_0153.png
276
39
638
525
image_0386.png
254
24
625
535
image_0068.png
135
27
468
502
image_0139.png
373
37
737
543
image_0216.png
404
75
715
485
image_0394.png
159
68
521
543
image_0309.png
276
19
661
535
image_0362.png
235
30
603
517
image_0370.png
267
28
640
516
image_0255.png
302
67
638
555
image_0256.png
402
82
737
559
image_0167.png
133
58
495
542
image_0208.png
429
84
733
507
image_0120.png
257
45
629
533
image_0281.png
199
70
595
537
image_0152.png
272
58
617
537
image_0111.png
311
79
594
502
image_0211.png
201
84
515
517
image_0235.png
250
39
626
528
image_0318.png
335
1
751
543
image_0238.png
260
62
640
520
image_0373.png
319
28
716
538
image_0145.png
278
64
623
521
image_0141.png
344
45
691
517
image_0388.png
373
50
752
539
image_0178.png
347
39
707
548
image_0400.png
340
50
769
548
image_0429.png
149
84
506
543
image_0223.png
262
24
626
538
image_0374.png
270
25
662
536
image_0287.png
262
57
617
506
image_0115.png
67
39
468
564
image_0436.png
259
24
647
511
image_0376.png
326
45
722
542
image_0323.png
379
28
770
535
image_0296.png
266
46
615
544
image_0138.png
266
31
631
529
image_0328.png
405
184
531
362
image_0448.png
144
36
543
533
image_0052.png
363
37
687
521
image_0031.png
383
27
764
537
image_0188.png
246
5
656
537
image_0189.png
246
13
619
547
image_0409.png
291
44
636
506
image_0101.png
133
37
408
469
image_0037.png
278
8
660
523
image_0440.png
190
62
582
547
image_0219.png
125
26
484
527
image_0214.png
294
68
625
505
image_0210.png
227
17
530
452
image_0415.png
292
56
633
511
image_0244.png
196
65
515
564
image_0207.png
299
62
611
501
image_0130.png
115
39
458
502
image_0148.png
183
39
518
486
image_0217.png
271
31
641
537
image_0009.png
191
66
547
533
image_0007.png
284
52
613
510
image_0265.png
123
40
497
552
image_0417.png
357
36
737
515
image_0272.png
254
18
664
507
image_0407.png
360
33
700
532
image_0126.png
268
19
629
486
image_0096.png
247
143
532
543
image_0416.png
377
44
740
536
image_0076.png
243
35
627
550
image_0122.png
332
33
706
514
image_0325.png
291
51
633
512
image_0184.png
129
35
492
542
image_0264.png
139
40
499
530
image_0312.png
391
42
721
525
image_0229.png
256
41
619
526
image_0051.png
452
43
778
527
image_0200.png
125
75
440
510
image_0092.png
396
76
687
519
image_0356.png
246
61
613
506
image_0367.png
256
84
640
557
image_0263.png
261
40
636
543
image_0237.png
280
46
620
509
image_0233.png
333
39
730
555
image_0395.png
455
61
793
515
image_0301.png
265
40
621
544
image_0371.png
119
50
588
590
image_0197.png
210
58
541
516
image_0121.png
292
37
615
502
image_0206.png
394
36
704
480
image_0205.png
421
60
747
501
image_0186.png
266
25
632
549
image_0005.png
414
66
753
519
image_0108.png
402
85
702
527
image_0420.png
278
34
641
504
image_0033.png
125
72
514
548
image_0351.png
272
55
640
514
image_0278.png
379
19
778
520
image_0431.png
271
13
645
510
image_0114.png
373
62
786
537
image_0099.png
319
74
607
502
image_0209.png
441
51
763
501
image_0034.png
154
8
520
525
image_0024.png
257
25
644
539
image_0305.png
136
55
490
536
image_0331.png
333
172
490
364
image_0298.png
119
28
478
528
image_0381.png
145
66
509
555
image_0446.png
434
38
815
528
image_0026.png
284
23
646
529
image_0172.png
109
46
482
527
image_0185.png
256
9
624
515
image_0113.png
264
60
613
502
image_0442.png
255
42
640
510
image_0003.png
350
48
714
508
image_0418.png
363
60
726
541
image_0232.png
283
42
617
522
image_0215.png
468
94
788
509
image_0095.png
323
93
602
519
image_0245.png
127
54
469
562
image_0368.png
247
35
640
521
image_0450.png
260
45
650
518
image_0292.png
419
57
762
544
image_0081.png
253
50
642
525
image_0435.png
244
98
646
589
image_0010.png
197
62
534
514
image_0277.png
262
25
654
506
image_0366.png
241
20
646
521
image_0307.png
405
60
753
543
image_0315.png
250
26
633
541
image_0262.png
177
60
564
570
image_0199.png
177
50
497
510
image_0384.png
409
109
765
555
image_0227.png
251
25
642
525
image_0140.png
284
52
648
539
image_0046.png
361
35
710
523
image_0041.png
158
23
536
521
image_0247.png
239
65
564
563
image_0248.png
301
51
611
542
image_0187.png
106
12
490
541
image_0437.png
250
15
635
531
image_0077.png
282
64
675
566
image_0048.png
204
6
543
450
image_0164.png
312
110
576
485
image_0393.png
287
51
669
547
image_0016.png
249
17
627
514
image_0251.png
129
31
488
527
image_0228.png
272
54
624
516
image_0242.png
355
57
712
554
image_0321.png
233
29
627
530
image_0118.png
396
14
747
502
image_0157.png
286
64
625
525
image_0074.png
228
21
646
548
image_0403.png
273
98
689
530
image_0294.png
356
50
722
537
image_0045.png
373
14
741
535
image_0027.png
274
35
658
533
image_0432.png
370
31
736
488
image_0427.png
346
81
680
518
image_0050.png
150
41
476
506
image_0080.png
218
23
629
541
image_0192.png
302
52
622
533
image_0055.png
423
39
780
525
image_0123.png
270
17
648
502
image_0349.png
70
47
414
521
image_0181.png
250
3
653
528
image_0330.png
497
173
638
366
image_0257.png
198
100
508
555
image_0019.png
412
35
759
512
image_0134.png
377
43
739
519
image_0008.png
371
87
693
521
image_0013.png
394
39
778
539
image_0379.png
362
36
756
548
image_0270.png
266
29
672
515
image_0260.png
410
75
728
522
image_0422.png
267
55
632
505
image_0224.png
403
35
774
544
image_0053.png
421
27
743
500
image_0131.png
392
54
745
514
image_0059.png
402
6
774
506
image_0338.png
367
71
706
537
image_0193.png
281
23
611
535
image_0444.png
366
44
724
510
image_0023.png
270
41
633
535
image_0107.png
406
107
695
531
image_0334.png
384
200
532
356
image_0406.png
351
29
705
533
image_0303.png
282
61
632
541
image_0011.png
129
41
503
533
image_0015.png
400
35
731
475
image_0271.png
276
38
687
535
image_0414.png
262
39
627
502
image_0175.png
345
17
695
517
image_0117.png
109
45
518
510
image_0335.png
383
163
522
348
image_0135.png
425
27
780
529
image_0149.png
290
56
629
502
image_0352.png
256
50
622
542
image_0302.png
262
63
632
538
image_0097.png
210
103
514
548
image_0428.png
421
23
759
480
image_0363.png
271
13
691
554
image_0032.png
154
27
543
500
image_0194.png
339
19
684
488
image_0065.png
443
60
799
521
image_0377.png
254
25
635
526
image_0430.png
352
98
711
559
image_0273.png
141
95
515
538
image_0171.png
362
42
731
532
image_0423.png
394
68
741
522
image_0316.png
227
25
633
535
image_0085.png
84
60
468
566
image_0425.png
375
33
728
514
image_0254.png
376
93
694
554
image_0177.png
340
55
694
554
image_0094.png
309
76
596
517
image_0275.png
231
34
647
514
image_0378.png
389
55
795
535
image_0109.png
402
97
714
550
image_0317.png
393
39
751
523
image_0404.png
101
28
488
532
image_0062.png
377
33
726
504
image_0136.png
381
27
743
539
image_0413.png
350
83
730
543
image_0289.png
277
56
621
543
image_0017.png
251
17
631
510
image_0170.png
435
65
765
538
image_0088.png
346
72
737
570
image_0168.png
139
33
513
522
image_0066.png
276
54
609
504
image_0284.png
323
81
722
564
image_0410.png
358
41
711
512
image_0447.png
405
39
789
522
image_0222.png
273
34
631
525
image_0385.png
352
81
742
557
image_0399.png
341
79
719
536
image_0396.png
162
70
526
552
image_0201.png
219
72
520
518
image_0343.png
373
93
683
523
image_0104.png
305
87
600
523
image_0064.png
94
39
431
506
image_0234.png
268
29
635
523
image_0269.png
241
34
648
525
image_0030.png
346
76
697
517
image_0078.png
220
8
650
556
image_0049.png
388
43
726
525
image_0295.png
75
51
425
515
image_0179.png
150
60
461
542
image_0173.png
391
28
737
525
image_0249.png
303
50
624
523
image_0412.png
421
54
757
501
image_0004.png
173
109
505
539
image_0438.png
277
34
633
507
image_0056.png
276
39
619
498
image_0110.png
381
97
677
539
image_0043.png
398
31
747
510
image_0327.png
243
45
609
517
image_0286.png
381
28
738
535
image_0154.png
268
50
644
519
image_0266.png
122
24
476
546
image_0240.png
257
47
619
523
image_0091.png
406
99
689
531
image_0390.png
124
72
500
536
image_0159.png
306
123
572
509
image_0198.png
297
77
621
515
image_0348.png
379
58
722
502
image_0072.png
237
17
648
537
image_0360.png
287
62
674
520
image_0397.png
235
17
637
521
image_0195.png
291
24
641
538
image_0283.png
85
28
477
531
image_0252.png
386
118
693
569
image_0083.png
226
41
617
525
image_0439.png
352
86
699
544
image_0116.png
257
58
598
484
image_0313.png
176
70
579
592
image_0357.png
347
76
753
567
image_0344.png
338
94
696
553
image_0144.png
423
48
780
519
image_0291.png
264
39
610
549
image_0267.png
389
23
752
546
image_0165.png
336
105
589
465
image_0125.png
261
17
611
510
image_0006.png
425
50
774
523
image_0002.png
189
60
534
525
image_0036.png
274
37
656
535
image_0176.png
301
54
687
552
image_0025.png
305
48
660
554
image_0300.png
325
46
694
533
image_0310.png
250
29
621
527
image_0369.png
273
29
690
523
image_0261.png
287
55
616
536
image_0127.png
216
27
644
506
image_0063.png
284
41
613
490
image_0044.png
115
33
489
527
image_0057.png
359
33
700
519
image_0324.png
77
3
447
494
image_0401.png
372
41
731
518
image_0342.png
349
61
719
548
image_0402.png
277
146
701
542
image_0387.png
107
30
477
541
image_0419.png
271
47
638
521
image_0424.png
376
51
710
498
image_0202.png
402
71
717
493
image_0204.png
309
65
619
501
image_0226.png
135
38
488
522
image_0038.png
278
27
652
525
image_0319.png
65
14
481
531
image_0035.png
166
37
532
525
image_0119.png
274
21
613
512
image_0169.png
103
71
466
546
image_0326.png
416
34
832
542
image_0086.png
235
33
627
541
image_0346.png
293
65
621
528
image_0047.png
290
45
617
502
image_0042.png
361
4
753
541
image_0311.png
143
47
477
522
image_0163.png
320
102
582
464
image_0191.png
402
42
716
558
image_0220.png
394
44
772
542
image_0274.png
339
78
721
542
image_0230.png
265
19
636
520
image_0355.png
148
62
552
530
image_0336.png
398
204
537
384
image_0071.png
237
37
615
533
image_0158.png
292
68
613
523
image_0093.png
303
70
602
514
image_0137.png
421
33
790
552
image_0180.png
228
5
652
531
image_0102.png
414
109
700
550
image_0449.png
252
35
648
510
image_0073.png
241
14
625
517
image_0124.png
266
43
623
502
image_0098.png
191
105
499
545
image_0103.png
307
70
615
521
image_0100.png
377
105
664
564
image_0304.png
145
55
474
536
image_0341.png
379
52
770
514
image_0021.png
363
89
679
531
image_0129.png
340
58
716
527
image_0408.png
354
47
706
539
image_0089.png
247
37
617
521
image_0434.png
262
21
635
507
image_0161.png
305
105
566
496
image_0320.png
244
21
637
559
image_0090.png
317
62
611
502
image_0190.png
250
14
604
532
image_0069.png
237
31
625
519
image_0020.png
245
17
640
543
image_0212.png
408
30
743
505
image_0354.png
241
57
614
514
image_0060.png
288
50
629
504
image_0166.png
267
25
645
531
image_0231.png
342
15
700
506
image_0054.png
266
50
607
504
image_0196.png
414
49
736
516
image_0147.png
129
45
493
514
image_0028.png
245
29
629
539
image_0364.png
259
46
662
530
image_0079.png
363
37
741
521
image_0018.png
369
52
741
535
image_0146.png
282
52
625
517
image_0441.png
252
39
625
511
image_0329.png
423
160
564
362
image_0299.png
382
57
740
523
image_0389.png
363
75
746
560
image_0279.png
136
68
511
532
image_0268.png
429
20
790
551
image_0162.png
352
155
552
451
image_0290.png
281
52
624
557
image_0280.png
246
38
632
506
image_0282.png
289
50
640
515
